Camera matrix : 

[[536.07345295   0.         342.37047283]
 [  0.         536.01636331 235.53687701]
 [  0.           0.           1.        ]]
dist : 

[[-0.26509044 -0.04674186  0.00183301 -0.00031469  0.25231154]]
rvecs : 

(array([[-0.08398729],
       [ 0.34802798],
       [-1.54244125]]), array([[-0.27527313],
       [ 0.10123349],
       [-1.56296568]]), array([[-0.22584613],
       [ 1.0155115 ],
       [-2.79470623]]), array([[ 0.05280128],
       [-0.60171832],
       [-0.18453815]]), array([[-0.10141629],
       [ 0.32034812],
       [ 0.3147293 ]]), array([[-0.34698232],
       [-0.06738512],
       [-1.20088998]]), array([[0.06525918],
       [0.44701842],
       [0.10800013]]), array([[ 0.49542336],
       [ 0.11948808],
       [-0.29675958]]), array([[-0.37463355],
       [ 0.06982818],
       [-0.01937111]]), array([[-0.35339067],
       [ 0.24071863],
       [ 0.20970027]]), array([[-0.4735952 ],
       [ 0.08970834],
       [-0.22605981]]), array([[ 0.19721096],
       [-0.42009963],
       [-0.1949708 ]]), array([[ 0.48287277],
       [-0.17037078],
       [-1.40740327]]))
tvecs : 

(array([[-2.96218417],
       [ 0.57158932],
       [16.83013775]]), array([[-3.99388098],
       [ 2.27704343],
       [12.68878108]]), array([[ 2.53399419],
       [ 4.31999128],
       [13.71919122]]), array([[-2.16838794],
       [-3.50011196],
       [10.73694991]]), array([[-3.72585434],
       [-4.3108485 ],
       [17.20439703]]), array([[-3.427436  ],
       [ 0.4873819 ],
       [11.56153507]]), array([[ 2.20741839],
       [-3.21446613],
       [15.60125394]]), array([[-3.40557514],
       [-2.41042315],
       [12.58706804]]), array([[-2.95848731],
       [-3.94417974],
       [13.21423743]]), array([[-1.59004095],
       [-4.31771235],
       [14.01040668]]), array([[-2.51791826],
       [-3.43069105],
       [12.85702135]]), array([[-2.67642941],
       [-3.18945602],
       [10.58262241]]), array([[-3.50264637],
       [ 1.61595404],
       [11.97222152]]))
