Camera matrix : 

[[692.56010758   0.         320.24078754]
 [  0.         689.07613523 247.94659559]
 [  0.           0.           1.        ]]
dist : 

[[-0.03251937  0.48635413  0.00253602 -0.00970879 -1.23269435]]
rvecs : 

(array([[0.22296954],
       [0.19522546],
       [1.58468239]]), array([[-0.17370568],
       [ 0.46356255],
       [-1.23270352]]), array([[-0.1068951 ],
       [ 0.11706668],
       [ 1.51225813]]), array([[-0.72534067],
       [-0.55642023],
       [ 1.46638139]]), array([[0.47921806],
       [0.76467176],
       [1.42797432]]), array([[-0.1119162 ],
       [ 0.11753446],
       [ 1.51160324]]), array([[-0.00343632],
       [-0.02123459],
       [-1.34423855]]), array([[-0.93031378],
       [-0.64319429],
       [-0.950128  ]]), array([[0.3743445 ],
       [0.22055067],
       [1.2704788 ]]), array([[-0.10561798],
       [ 0.11726421],
       [ 1.51273151]]), array([[0.31654199],
       [0.28273316],
       [1.48549207]]), array([[-0.53733617],
       [-0.45105184],
       [-1.33820253]]), array([[ 0.6365733 ],
       [-0.26797218],
       [ 1.32349879]]), array([[0.70917932],
       [0.91696384],
       [1.41276072]]), array([[ 0.71106618],
       [-0.2170029 ],
       [ 1.41771538]]), array([[0.09632924],
       [0.16440089],
       [1.44725439]]), array([[-0.32158462],
       [-0.21335548],
       [ 1.3634948 ]]), array([[-0.55240338],
       [-0.68085614],
       [-1.49726287]]), array([[-1.05964468],
       [ 0.07134684],
       [ 1.26168832]]), array([[-0.10817915],
       [ 0.11493097],
       [ 1.51242382]]), array([[-0.24218786],
       [ 0.07042176],
       [-1.50660494]]), array([[0.68692219],
       [0.70272864],
       [1.57052452]]), array([[-0.11231736],
       [ 0.11574797],
       [ 1.51565541]]))
tvecs : 

(array([[ 4.99447808],
       [-6.72375131],
       [23.77499796]]), array([[-3.84942547],
       [ 1.30911097],
       [15.6625387 ]]), array([[ 3.22855449],
       [-2.96966938],
       [13.950318  ]]), array([[ 2.34686107],
       [-2.37918837],
       [16.5614256 ]]), array([[ 2.07626034],
       [-2.90027824],
       [10.59778837]]), array([[ 3.26876749],
       [-2.97968605],
       [14.01164504]]), array([[-5.59154393],
       [-0.27027189],
       [17.19426   ]]), array([[-1.8782318 ],
       [-3.11674134],
       [20.20450377]]), array([[ 1.51043742],
       [-3.27346406],
       [11.5113553 ]]), array([[ 3.22844474],
       [-2.96903165],
       [13.93664329]]), array([[ 4.41177885],
       [-4.48543253],
       [16.71447813]]), array([[-2.56653873],
       [-1.17526924],
       [17.46639215]]), array([[ 4.52304428],
       [-3.39137858],
       [12.42360851]]), array([[ 1.20274718],
       [-2.81797479],
       [10.17943912]]), array([[ 2.43622831],
       [-1.62548823],
       [ 9.71810862]]), array([[ 4.1882628 ],
       [-5.09151879],
       [16.66972586]]), array([[ 5.19390667],
       [-4.75486365],
       [16.56911338]]), array([[-2.74180322],
       [ 1.57289896],
       [13.72698388]]), array([[ 1.40828041],
       [-1.1718941 ],
       [19.50355001]]), array([[ 3.26529323],
       [-2.97062336],
       [13.97348489]]), array([[-2.85182456],
       [ 3.66795262],
       [20.18229721]]), array([[ 5.06712902],
       [-4.07600321],
       [16.0762546 ]]), array([[ 3.30804311],
       [-2.96856427],
       [14.01347325]]))
